external01
0 0 2  0 9 0  1 0 7
0 3 8  6 0 0  0 0 0
4 0 0  0 0 0  0 0 0

0 0 0  0 0 5  0 0 0
0 0 9  0 1 0  3 0 0
0 0 0  4 0 0  0 0 0

0 0 0  0 0 0  0 0 4
0 0 0  0 0 7  9 2 0
8 0 6  0 3 0  7 0 0 

external02
0 2 0  0 0 0  0 0 7
0 7 0  0 0 4  0 1 0
9 0 5  0 0 0  0 0 0

0 8 0  6 3 0  0 0 2
7 0 0  0 0 0  0 0 1
2 0 0  0 1 8  0 6 0

0 0 0  0 0 0  4 0 9
0 3 0  1 0 0  0 2 0
4 0 0  0 0 0  0 8 0

external03
8 0 0  7 0 9  0 0 2
0 0 9  0 0 0  8 0 0
0 2 0  0 3 0  0 1 0

0 0 5  8 0 1  2 0 0
0 9 0  0 0 0  0 4 0
0 0 6  9 0 5  3 0 0

0 4 0  0 9 0  0 6 0
0 0 1  0 0 0  9 0 0
9 0 0  2 0 4  0 0 3

external04
0 0 0  0 3 0  0 0 5
7 0 0  9 0 2  0 0 0
0 9 2  0 0 6  0 0 3

3 0 0  0 0 5  4 0 0
0 0 7  0 0 0  8 0 0
0 0 6  3 0 0  0 0 2

1 0 0  5 0 0  3 9 0
0 0 0  4 0 7  0 0 1
8 0 0  0 1 0  0 0 0

external05
0 4 0  9 0 0  0 0 2
0 0 6  0 7 0  1 0 0
2 0 0  0 5 0  0 4 0

9 0 0  0 6 3  0 5 0
0 0 0  0 0 0  0 0 0
0 7 0  5 9 0  0 0 3

0 1 0  0 8 0  0 0 9
0 0 3  0 4 0  8 0 0
4 0 0  0 0 6  0 2 0

external06
0 0 0  0 0 7  0 2 3
3 0 0  4 0 0  9 0 0
6 0 0  1 0 0  0 0 0

7 0 8  2 0 0  0 6 0
0 5 0  0 0 0  0 1 0
0 6 0  0 0 9  5 0 2

0 0 0  0 0 1  0 0 7
0 0 7  0 0 3  0 0 5
4 2 0  5 0 0  0 0 0

external07
9 0 0  0 7 0  0 0 4
0 0 6  3 0 0  0 0 0
0 1 0  0 0 5  3 0 0

1 0 7  0 0 9  0 0 0
0 0 8  0 0 0  7 0 0
0 0 0  4 0 0  2 0 6

0 0 4  7 0 0  0 9 0
0 0 0  0 0 2  1 0 0
8 0 0  0 9 0  0 0 5
