hard1
0 0 1  6 2 0  0 4 0
2 4 0  5 0 0  0 0 0 
7 0 0  8 0 0  1 0 0 

0 0 0  0 0 0  0 5 7
9 0 0  0 0 0  0 0 1
3 1 0  0 0 0  0 0 0 

0 0 2  0 0 5  0 0 8
0 0 0  0 0 9  0 3 6
0 5 0  0 8 6  4 0 0

hard2
0 2 7  0 0 0  0 0 6
0 1 0  0 0 6  0 2 0
5 0 0  0 8 0  0 0 0 

0 0 0  4 0 0  0 6 2
0 0 0  1 5 9  0 0 0
1 4 0  0 0 7  0 0 0

0 0 0  0 7 0  0 0 4
0 7 0  9 0 0  0 5 0
2 0 0  0 0 0  8 9 0

hard3
0 0 0  0 2 0  0 0 0
7 0 4  0 0 0  3 0 6
8 9 0  0 0 0  0 4 2

2 0 0  3 0 5  0 0 8
0 0 8  0 0 0  5 0 0
5 0 0  9 0 7  0 0 3

6 5 0  0 0 0  0 7 9
1 0 3  0 0 0  8 0 5
0 0 0  0 5 0  0 0 0

hard4
0 0 9  0 0 0  0 3 0
0 0 0  8 4 0  0 0 7
0 0 6  9 0 0  0 0 2

6 0 0  0 0 0  0 4 0
0 0 8  4 0 5  7 0 0
0 3 0  0 0 0  0 0 1

7 0 0  0 0 1  3 0 0
2 0 0  0 6 4  0 0 0 
0 1 0  0 0 0  5 0 0

hard5
3 0 8  0 0 0  2 0 1
0 0 0  8 0 2  0 0 0
0 9 0  4 0 3  0 7 0

8 0 0  0 0 0  0 0 7
0 7 4  0 0 0  1 5 0
1 0 0  0 0 0  0 0 4

0 4 0  6 0 5  0 3 0 
0 0 0  3 0 9  0 0 0
6 0 9  0 0 0  7 0 5

hard6
0 0 6  0 0 1  0 0 0
0 0 0  0 6 7  0 2 0
7 0 0  0 0 0  4 0 0

0 2 0  7 0 0  5 3 0
6 0 0  0 9 0  0 0 2
0 3 4  0 0 2  0 8 0

0 0 8  0 0 0  0 0 1
0 4 0  9 2 0  0 0 0
0 0 0  8 0 0  3 0 0

hard7
4 2 0  0 0 0  0 0 0
0 8 0  6 0 0  0 0 0
0 3 0  7 0 2  8 0 0

0 0 8  3 1 0  7 0 0
0 4 0  0 0 0  0 5 0
0 0 2  0 6 4  9 0 0

0 0 5  2 0 1  0 7 0
0 0 0  0 0 3  0 1 0
0 0 0  0 0 0  0 3 8

hard8
2 0 0  6 0 0  0 0 0
0 0 0  0 7 2  0 0 5
9 0 0  0 0 1  0 7 0

0 6 0  1 0 0  9 0 0
0 1 5  0 0 0  6 4 0
0 0 2  0 0 8  0 3 0

0 8 0  3 0 0  0 0 9
1 0 0  8 2 0  0 0 0
0 0 0  0 0 9  0 0 6

hard9
0 0 0  3 0 0  5 0 0
0 7 0  2 0 0  0 0 4
0 0 0  0 0 8  0 6 2

0 0 8  0 0 9  0 0 3
0 0 5  7 0 6  4 0 0
1 0 0  5 0 0  9 0 0

9 3 0  8 0 0  0 0 0
6 0 0  0 0 1  0 7 0
0 0 1  0 0 3  0 0 0

hard10
0 0 0  0 5 4  0 6 0
0 8 0  0 0 0  0 7 0
0 0 4  7 6 0  0 0 0

0 0 3  4 0 0  9 0 0
0 9 0  0 0 0  0 3 0
0 0 6  0 0 7  8 0 0

0 0 0  0 7 2  5 0 0
0 7 0  0 0 0  0 2 0
0 2 0  8 9 0  0 0 0

hard11
0 0 2  5 0 0  0 0 0
4 0 1  0 0 9  0 0 0
0 3 6  8 0 0  0 1 0

9 7 0  4 0 0  0 0 0
0 0 0  0 9 0  0 0 0
0 0 0  0 0 2  0 8 7

0 6 0  0 0 4  1 9 0
0 0 0  9 0 0  4 0 3
0 0 0  0 0 3  8 0 0

hard12
1 0 0  8 0 9  0 5 0
0 0 0  2 0 0  1 0 0
2 0 0  0 6 0  0 4 0

0 0 0  0 0 3  9 0 0
0 5 0  0 0 0  0 6 0
0 0 8  1 0 0  0 0 0

0 7 0  0 1 0  0 0 4
0 0 6  0 0 2  0 0 0
0 3 0  7 0 4  0 0 5

hard13
0 0 3  0 2 0  0 9 0
0 0 2  0 0 5  0 0 0
9 0 4  0 8 0  0 0 1

4 0 0  0 6 0  0 8 0
0 0 0  5 0 7  0 0 0
0 3 0  0 1 0  0 0 4

1 0 0  0 5 0  3 0 9
0 0 0  1 0 0  8 0 0
0 7 0  0 9 0  2 0 0

xwing-row
9 . .  . 5 1  7 3 .
1 . 7  3 9 8  2 . 5
5 . .  . 7 6  . 9 1

8 1 .  7 2 4  3 5 .
2 . .  1 6 5  . . 7
. 7 5  9 8 3  . 1 2

. 2 1  5 3 7  . . .
7 5 8  6 4 9  1 2 3
3 9 .  8 1 2  5 7 .

xwing-col
. . 2  . . .  . . 8
. . .  . 6 1  . . .
. . 3  9 . .  4 5 .

5 3 .  7 . 2  . . .
9 2 8  . . .  . . .
. 6 .  . . .  3 . .

. . .  5 . .  1 . 3
2 7 .  . 1 .  . . .
3 . .  . 8 .  . 6 9
